R 40 -50 246
R 40 -48 248
R 40 -46 241
R 40 -44 250
R 40 -42 260
R 40 -40 263
R 40 -38 270
R 40 -36 277
R 40 -34 286
R 40 -32 298
R 40 -30 312
R 40 -28 256
R 40 -26 134
R 40 -24 33
R 40 -22 5
R 40 -20 11
R 40 -18 29
R 40 -16 90
R 40 -14 159
R 40 -12 23
R 40 -10 31
R 40 -8 38
R 40 -6 58
R 40 -4 65
R 40 -2 62
R 40 0 60
R 40 2 55
R 40 4 78
R 40 6 65
R 40 8 62
R 40 10 55
R 40 12 34
R 40 14 11
R 40 16 10
R 40 18 9
R 40 20 8
R 40 22 7
R 40 24 6
R 40 26 5
R 40 28 5
R 40 30 5
R 40 32 4
R 40 34 4
R 40 36 4
R 40 38 4
R 40 40 4
R 40 42 4
R 40 44 4
R 40 46 4
R 40 48 4
R 40 50 4
R 35 50 5
R 35 48 5
R 35 46 5
R 35 44 5
R 35 42 5
R 35 40 5
R 35 38 5
R 35 36 5
R 35 34 5
R 35 32 5
R 35 30 6
R 35 28 6
R 35 26 6
R 35 24 7
R 35 22 8
R 35 20 8
R 35 18 9
R 35 16 10
R 35 14 12
R 35 12 50
R 35 10 57
R 35 8 61
R 35 6 58
R 35 4 62
R 35 2 64
R 35 0 45
R 35 -2 50
R 35 -4 36
R 35 -6 30
R 35 -8 3
R 35 -10 33
R 35 -12 12
R 35 -14 125
R 35 -16 408
R 35 -18 453
R 35 -20 203
R 35 -22 442
R 35 -24 454
R 35 -26 420
R 35 -28 387
R 35 -30 360
R 35 -32 343
R 35 -34 317
R 35 -36 303
R 35 -38 296
R 35 -40 285
R 35 -42 279
R 35 -44 267
R 35 -46 262
R 35 -48 259
R 35 -50 256
R 30 -50 273
R 30 -48 278
R 30 -46 295
R 30 -44 296
R 30 -42 303
R 30 -40 316
R 30 -38 331
R 30 -36 334
R 30 -34 341
R 30 -32 363
R 30 -30 381
R 30 -28 408
R 30 -26 438
R 30 -24 470
R 30 -22 485
R 30 -20 482
R 30 -18 479
R 30 -16 288
R 30 -14 224
R 30 -12 422
R 30 -10 146
R 30 -8 3
R 30 -6 38
R 30 -4 3
R 30 -2 36
R 30 0 41
R 30 2 48
R 30 4 43
R 30 6 56
R 30 8 98
R 30 10 88
R 30 12 64
R 30 14 60
R 30 16 55
R 30 18 50
R 30 20 37
R 30 22 12
R 30 24 11
R 30 26 10
R 30 28 10
R 30 30 9
R 30 32 9
R 30 34 8
R 30 36 8
R 30 38 7
R 30 40 8
R 30 42 7
R 30 44 7
R 30 46 7
R 30 48 7
R 30 50 8
R 25 50 10
R 25 48 11
R 25 46 11
R 25 44 11
R 25 42 11
R 25 40 11
R 25 38 11
R 25 36 11
R 25 34 12
R 25 32 12
R 25 30 12
R 25 28 14
R 25 26 23
R 25 24 4
R 25 22 13
R 25 20 13
R 25 18 15
R 25 16 61
R 25 14 68
R 25 12 94
R 25 10 75
R 25 8 104
R 25 6 52
R 25 4 39
R 25 2 43
R 25 0 42
R 25 -2 30
R 25 -4 6
R 25 -6 35
R 25 -8 10
R 25 -10 51
R 25 -12 401
R 25 -14 189
R 25 -16 370
R 25 -18 409
R 25 -20 409
R 25 -22 414
R 25 -24 389
R 25 -26 455
R 25 -28 464
R 25 -30 469
R 25 -32 457
R 25 -34 437
R 25 -36 412
R 25 -38 396
R 25 -40 383
R 25 -42 367
R 25 -44 337
R 25 -46 342
R 25 -48 287
R 25 -50 229
R 20 -50 197
R 20 -48 200
R 20 -46 222
R 20 -44 323
R 20 -42 312
R 20 -40 303
R 20 -38 358
R 20 -36 94
R 20 -34 74
R 20 -32 453
R 20 -30 453
R 20 -28 409
R 20 -26 373
R 20 -24 373
R 20 -22 379
R 20 -20 399
R 20 -18 426
R 20 -16 382
R 20 -14 436
R 20 -12 464
R 20 -10 120
R 20 -8 114
R 20 -6 56
R 20 -4 13
R 20 -2 34
R 20 0 10
R 20 2 43
R 20 4 45
R 20 6 46
R 20 8 47
R 20 10 45
R 20 12 45
R 20 14 83
R 20 16 97
R 20 18 128
R 20 20 13
R 20 22 13
R 20 24 15
R 20 26 7
R 20 28 18
R 20 30 12
R 20 32 14
R 20 34 17
R 20 36 15
R 20 38 16
R 20 40 16
R 20 42 15
R 20 44 16
R 20 46 17
R 20 48 16
R 20 50 17
R 15 50 5
R 15 48 21
R 15 46 18
R 15 44 15
R 15 42 18
R 15 40 17
R 15 38 16
R 15 36 15
R 15 34 16
R 15 32 14
R 15 30 14
R 15 28 16
R 15 26 8
R 15 24 11
R 15 22 14
R 15 20 13
R 15 18 14
R 15 16 132
R 15 14 49
R 15 12 46
R 15 10 48
R 15 8 48
R 15 6 48
R 15 4 46
R 15 2 46
R 15 0 37
R 15 -2 25
R 15 -4 36
R 15 -6 23
R 15 -8 59
R 15 -10 115
R 15 -12 392
R 15 -14 439
R 15 -16 449
R 15 -18 356
R 15 -20 426
R 15 -22 401
R 15 -24 423
R 15 -26 334
R 15 -28 403
R 15 -30 380
R 15 -32 51
R 15 -34 48
R 15 -36 49
R 15 -38 52
R 15 -40 53
R 15 -42 78
R 15 -44 298
R 15 -46 234
R 15 -48 199
R 15 -50 182
R 10 -50 167
R 10 -48 171
R 10 -46 187
R 10 -44 201
R 10 -42 213
R 10 -40 66
R 10 -38 52
R 10 -36 50
R 10 -34 50
R 10 -32 51
R 10 -30 54
R 10 -28 383
R 10 -26 393
R 10 -24 344
R 10 -22 331
R 10 -20 417
R 10 -18 412
R 10 -16 387
R 10 -14 447
R 10 -12 459
R 10 -10 210
R 10 -8 183
R 10 -6 39
R 10 -4 50
R 10 -2 28
R 10 0 5
R 10 2 33
R 10 4 41
R 10 6 47
R 10 8 46
R 10 10 46
R 10 12 47
R 10 14 46
R 10 16 44
R 10 18 132
R 10 20 14
R 10 22 14
R 10 24 13
R 10 26 15
R 10 28 13
R 10 30 14
R 10 32 15
R 10 34 15
R 10 36 16
R 10 38 15
R 10 40 19
R 10 42 17
R 10 44 19
R 10 46 20
R 10 48 18
R 10 50 20
R 5 50 22
R 5 48 21
R 5 46 19
R 5 44 17
R 5 42 18
R 5 40 23
R 5 38 15
R 5 36 15
R 5 34 16
R 5 32 13
R 5 30 15
R 5 28 15
R 5 26 17
R 5 24 13
R 5 22 12
R 5 20 13
R 5 18 195
R 5 16 208
R 5 14 45
R 5 12 47
R 5 10 48
R 5 8 47
R 5 6 46
R 5 4 47
R 5 2 47
R 5 0 33
R 5 -2 39
R 5 -4 10
R 5 -6 32
R 5 -8 30
R 5 -10 105
R 5 -12 206
R 5 -14 437
R 5 -16 359
R 5 -18 156
R 5 -20 149
R 5 -22 143
R 5 -24 172
R 5 -26 352
R 5 -28 383
R 5 -30 378
R 5 -32 303
R 5 -34 67
R 5 -36 64
R 5 -38 53
R 5 -40 50
R 5 -42 59
R 5 -44 58
R 5 -46 59
R 5 -48 55
R 5 -50 54
R 0 -50 46
R 0 -48 45
R 0 -46 53
R 0 -44 54
R 0 -42 56
R 0 -40 58
R 0 -38 58
R 0 -36 59
R 0 -34 62
R 0 -32 67
R 0 -30 69
R 0 -28 390
R 0 -26 416
R 0 -24 355
R 0 -22 180
R 0 -20 146
R 0 -18 143
R 0 -16 149
R 0 -14 346
R 0 -12 423
R 0 -10 463
R 0 -8 456
R 0 -6 151
R 0 -4 45
R 0 -2 42
R 0 0 12
R 0 2 23
R 0 4 47
R 0 6 50
R 0 8 48
R 0 10 47
R 0 12 47
R 0 14 48
R 0 16 47
R 0 18 0
R 0 22 12
R 0 24 15
R 0 26 15
R 0 28 15
R 0 30 15
R 0 32 16
R 0 34 19
R 0 36 17
R 0 38 15
R 0 40 14
R 0 42 19
R 0 44 19
R 0 46 15
R 0 48 19
R 0 50 22
R -5 50 25
R -5 48 22
R -5 46 23
R -5 44 9
R -5 42 20
R -5 40 19
R -5 38 20
R -5 36 13
R -5 34 17
R -5 32 15
R -5 30 18
R -5 28 16
R -5 26 16
R -5 24 16
R -5 22 16
R -5 20 783
R -5 18 787
R -5 16 46
R -5 14 50
R -5 12 50
R -5 10 50
R -5 8 49
R -5 6 48
R -5 4 46
R -5 2 48
R -5 0 50
R -5 -2 40
R -5 -4 18
R -5 -6 18
R -5 -8 94
R -5 -10 138
R -5 -12 148
R -5 -14 168
R -5 -16 153
R -5 -18 131
R -5 -20 137
R -5 -22 145
R -5 -24 156
R -5 -26 338
R -5 -28 279
R -5 -30 83
R -5 -32 78
R -5 -34 72
R -5 -36 64
R -5 -38 58
R -5 -40 56
R -5 -42 56
R -5 -44 57
R -5 -46 54
R -5 -48 54
R -5 -50 47
R -10 -50 60
R -10 -48 59
R -10 -46 58
R -10 -44 57
R -10 -42 58
R -10 -40 62
R -10 -38 64
R -10 -36 61
R -10 -34 64
R -10 -32 69
R -10 -30 73
R -10 -28 79
R -10 -26 87
R -10 -24 88
R -10 -22 99
R -10 -20 107
R -10 -18 114
R -10 -16 127
R -10 -14 99
R -10 -12 64
R -10 -10 162
R -10 -8 167
R -10 -6 175
R -10 -4 63
R -10 -2 19
R -10 0 19
R -10 2 31
R -10 4 54
R -10 6 53
R -10 8 51
R -10 10 50
R -10 12 50
R -10 14 51
R -10 16 51
R -10 18 51
R -10 20 35
R -10 24 542
R -10 26 18
R -10 28 17
R -10 30 17
R -10 32 12
R -10 34 18
R -10 36 19
R -10 38 15
R -10 40 18
R -10 42 18
R -10 44 23
R -10 46 19
R -10 48 25
R -10 50 26
R -15 50 282
R -15 48 30
R -15 46 29
R -15 44 23
R -15 42 21
R -15 40 25
R -15 38 24
R -15 36 20
R -15 34 18
R -15 32 20
R -15 30 19
R -15 28 20
R -15 26 21
R -15 24 420
R -15 22 453
R -15 20 475
R -15 18 162
R -15 16 55
R -15 14 56
R -15 12 56
R -15 10 56
R -15 8 56
R -15 6 53
R -15 4 52
R -15 2 49
R -15 0 52
R -15 -2 57
R -15 -4 57
R -15 -6 33
R -15 -8 30
R -15 -10 47
R -15 -12 13
R -15 -14 54
R -15 -16 68
R -15 -18 79
R -15 -20 129
R -15 -22 98
R -15 -24 72
R -15 -26 67
R -15 -28 57
R -15 -30 54
R -15 -32 51
R -15 -34 52
R -15 -36 50
R -15 -38 69
R -15 -40 69
R -15 -42 67
R -15 -44 62
R -15 -46 60
R -15 -48 61
R -15 -50 62
R -20 -50 10
R -20 -48 10
R -20 -46 54
R -20 -44 59
R -20 -42 61
R -20 -40 53
R -20 -38 37
R -20 -36 39
R -20 -34 41
R -20 -32 43
R -20 -30 45
R -20 -28 49
R -20 -26 49
R -20 -24 50
R -20 -22 53
R -20 -20 61
R -20 -18 76
R -20 -16 64
R -20 -14 58
R -20 -12 52
R -20 -10 53
R -20 -8 431
R -20 -6 294
R -20 -4 28
R -20 -2 7
R -20 0 35
R -20 2 57
R -20 4 57
R -20 6 52
R -20 8 49
R -20 10 51
R -20 12 52
R -20 14 321
R -20 16 407
R -20 18 272
R -20 20 298
R -20 22 317
R -20 24 361
R -20 26 329
R -20 28 328
R -20 30 55
R -20 32 22
R -20 34 21
R -20 36 22
R -20 38 25
R -20 40 28
R -20 42 25
R -20 44 31
R -20 46 242
R -20 48 283
R -20 50 290
R -25 50 263
R -25 48 255
R -25 46 264
R -25 44 260
R -25 42 254
R -25 40 261
R -25 38 259
R -25 36 127
R -25 34 27
R -25 32 27
R -25 30 267
R -25 28 293
R -25 26 305
R -25 24 314
R -25 22 331
R -25 20 347
R -25 18 381
R -25 16 393
R -25 14 425
R -25 12 456
R -25 10 479
R -25 8 103
R -25 6 60
R -25 4 57
R -25 2 51
R -25 0 47
R -25 -2 49
R -25 -4 54
R -25 -6 62
R -25 -8 99
R -25 -10 46
R -25 -12 20
R -25 -14 47
R -25 -16 54
R -25 -18 47
R -25 -20 53
R -25 -22 50
R -25 -24 50
R -25 -26 47
R -25 -28 44
R -25 -30 40
R -25 -32 38
R -25 -34 36
R -25 -36 34
R -25 -38 32
R -25 -40 31
R -25 -42 30
R -25 -44 25
R -25 -46 28
R -25 -48 9
R -25 -50 7
R -30 -50 5
R -30 -48 6
R -30 -46 8
R -30 -44 17
R -30 -42 26
R -30 -40 23
R -30 -38 27
R -30 -36 27
R -30 -34 29
R -30 -32 30
R -30 -30 32
R -30 -28 36
R -30 -26 39
R -30 -24 42
R -30 -22 47
R -30 -20 51
R -30 -18 56
R -30 -16 67
R -30 -14 77
R -30 -12 84
R -30 -10 135
R -30 -8 132
R -30 -6 115
R -30 -4 23
R -30 -2 11
R -30 0 38
R -30 2 60
R -30 4 54
R -30 6 48
R -30 8 32
R -30 10 319
R -30 12 83
R -30 14 308
R -30 16 153
R -30 18 183
R -30 20 233
R -30 22 242
R -30 24 257
R -30 26 267
R -30 28 274
R -30 30 267
R -30 32 267
R -30 34 255
R -30 36 249
R -30 38 249
R -30 40 247
R -30 42 243
R -30 44 236
R -30 46 234
R -30 48 239
R -30 50 235
R -35 50 222
R -35 48 218
R -35 46 221
R -35 44 216
R -35 42 217
R -35 40 235
R -35 38 236
R -35 36 233
R -35 34 229
R -35 32 234
R -35 30 241
R -35 28 251
R -35 26 263
R -35 24 275
R -35 22 289
R -35 20 305
R -35 18 316
R -35 16 350
R -35 14 366
R -35 12 402
R -35 10 429
R -35 6 530
R -35 4 63
R -35 2 48
R -35 0 39
R -35 -2 40
R -35 -4 52
R -35 -6 118
R -35 -8 153
R -35 -10 3
R -35 -12 44
R -35 -14 79
R -35 -16 71
R -35 -18 52
R -35 -20 50
R -35 -22 45
R -35 -24 41
R -35 -26 37
R -35 -28 34
R -35 -30 32
R -35 -32 29
R -35 -34 25
R -35 -36 24
R -35 -38 24
R -35 -40 23
R -35 -42 24
R -35 -44 23
R -35 -46 21
R -35 -48 5
R -35 -50 5
R -40 -50 4
R -40 -48 4
R -40 -46 4
R -40 -44 16
R -40 -42 19
R -40 -40 17
R -40 -38 22
R -40 -36 21
R -40 -34 24
R -40 -32 26
R -40 -30 27
R -40 -28 30
R -40 -26 32
R -40 -24 35
R -40 -22 39
R -40 -20 43
R -40 -18 46
R -40 -16 50
R -40 -14 68
R -40 -12 69
R -40 -10 107
R -40 -8 418
R -40 -6 272
R -40 -4 116
R -40 -2 0
R -40 0 0
R -40 2 55
R -40 4 66
R -40 6 72
R -40 8 398
R -40 10 68
R -40 12 89
R -40 14 118
R -40 16 147
R -40 18 162
R -40 20 192
R -40 22 222
R -40 24 216
R -40 26 262
R -40 28 248
R -40 30 246
R -40 32 233
R -40 34 227
R -40 36 221
R -40 38 217
R -40 40 214
R -40 42 213
R -40 44 212
R -40 46 235
R -40 48 210
R -40 50 211
R -45 50 212
R -45 48 211
R -45 46 209
R -45 44 208
R -45 42 209
R -45 40 210
R -45 38 213
R -45 36 215
R -45 34 220
R -45 32 225
R -45 30 237
R -45 28 242
R -45 26 259
R -45 24 263
R -45 22 283
R -45 20 284
R -45 18 317
R -45 16 329
R -45 14 351
R -45 12 367
R -45 10 376
R -45 6 415
R -45 4 246
R -45 2 123
R -45 0 195
R -45 -2 281
R -45 -4 204
R -45 -6 21
R -45 -8 23
R -45 -10 354
R -45 -12 102
R -45 -14 70
R -45 -16 55
R -45 -18 47
R -45 -20 39
R -45 -22 40
R -45 -24 36
R -45 -26 32
R -45 -28 30
R -45 -30 27
R -45 -32 20
R -45 -34 24
R -45 -36 17
R -45 -38 18
R -45 -40 19
R -45 -42 11
R -45 -44 11
R -45 -46 2
R -45 -48 4
R -45 -50 4
R -50 -50 2
R -50 -48 2
R -50 -46 1
R -50 -44 1
R -50 -42 2
R -50 -40 4
R -50 -38 8
R -50 -36 6
R -50 -34 17
R -50 -32 16
R -50 -30 10
R -50 -28 12
R -50 -26 18
R -50 -24 28
R -50 -22 31
R -50 -20 37
R -50 -18 32
R -50 -16 42
R -50 -14 54
R -50 -12 71
R -50 -10 102
R -50 -8 409
R -50 -6 167
R -50 -4 379
R -50 -2 411
R -50 0 367
R -50 2 64
R -50 4 28
R -50 6 416
R -50 8 524
R -50 10 235
R -50 12 139
R -50 14 133
R -50 16 134
R -50 18 152
R -50 20 149
R -50 22 168
R -50 24 173
R -50 26 205
R -50 28 231
R -50 30 241
R -50 32 242
R -50 34 233
R -50 36 227
R -50 38 220
R -50 40 218
R -50 42 220
R -50 44 224
R -50 46 216
R -50 48 214
R -50 50 215
